21.5563
3.51779
7.54525
3.43253
0.237009
0.569722
1.66304
0.300211
0.994141
2.31062
3.07488
1.02956
1.20103
4.3228
1.65614
3.95164
5.55887
1.40516
1.56408
1.03976
3.17504
1.57442
1.05056
1.19991
1.27739
9.95468
1.50462
1.92493
1.21871
0.497564
3.15737
0.618004
0.533705
2.01039
0.90008
0.887365
1.44726
2.41069
0.653218
0.494035
3.28447
0.361521
2.13584
0.510983
0.496489
0.467736
5.2716
1.1507
1.56742
3.93059
4.54322
2.06136
4.4498
0.237935
0.764063
0.338459
0.821393
7.75324
1.13881
1.6684
0.883386
8.97251
5.14862
0.554895
2.02559
6.14936
0.390019
6.58386
5.65897
7.92425
2.06244
9.6211
1.66429
1.58016
0.200185
0.925072
2.46175
2.41611
1.40667
1.12866
3.42053
2.62311
1.9056
0.946552
3.44724
4.46803
0.185391
2.65624
0.992573
0.537874
2.5229
2.56594
0.717073
3.68677
3.21811
0.473086
6.55284
3.65171
2.64657
0.845362
2.47706
3.95106
0.586004
1.21214
2.09863
1.75822
1.22462
1.5989
0.405602
1.37058
0.728519
2.16816
0.0864104
2.79734
1.82188
0.505641
1.24271
1.85569
2.14167
1.50483
6.97338
3.25936
2.14303
2.62528
4.13802
1.40209
0.636815
2.32095
1.18111
2.68423
1.08271
0.843161
2.93795
0.487405
1.31882
6.01217
8.29579
0.958539
6.47934
5.02758
2.23831
2.69846
0.347376
0.730078
3.27137
1.53823
0.0295636
0.853335
2.61018
0.429747
4.52554
0.990658
3.86854
1.07577
0.257419
1.15017
0.914007
0.544637
1.59111
1.25321
2.12135
2.2589
1.90333
0.746177
4.39466
1.43189
1.74273
3.9618
6.41773
3.73207
1.32572
1.31609
3.47882
1.50063
4.91495
2.89753
2.23081
1.44557
2.30389
2.28474
2.05527
3.08441
1.84996
0.579243
0.937093
3.95863
0.584617
1.52404
1.07708
5.20602
0.417
10.5377
1.24037
0.488251
0.90089
1.66117
2.01141
2.11964
3.67169
2.08848
5.98375
1.84205
4.42512
11.1359
1.1229
0.455454
2.56623
1.83229
0.902257
0.343572
8.95368
2.14279
0.729472
1.37065
4.68914
1.34517
4.17913
2.03131
2.88112
6.63094
1.80642
2.65724
3.39653
1.62265
1.12367
2.81792
2.8783
5.81272
4.11138
0.416118
0.185565
0.567086
0.157589
5.66556
6.91093
0.476807
0.703291
0.678339
1.12058
0.0262473
1.18522
5.31176
1.02685
6.28226
1.5451
0.566735
1.31741
5.75596
2.65371
