0
0.734653
5.32836
13.8637
12.7646
5.6298
14.4779
2.33075
6.77649
5.37361
0.518655
1.41866
2.552
2.09131
1.29081
0.0241641
0.881177
0.0423196
4.4269
0.505369
1.20481
2.5974
0.705654
0.254583
2.30986
0.420398
2.19278
0.300986
2.28202
1.05008
0.565428
0.473711
0.0933278
0.768425
0.302151
0.431584
1.6749
0.257833
1.47187
1.3823
1.88596
3.62146
0.997604
1.93499
5.26321
1.57075
0.97169
1.45632
0.279218
0.509042
1.29917
0.894695
0.545289
2.20202
1.08768
0.0750087
0.732881
2.69941
1.0545
1.06962
0.835639
0.48521
1.84375
1.20341
3.70216
1.36819
0.440486
0.335604
1.40009
1.6239
0.320235
0.223291
0.436917
0.397649
2.54365
0.987644
0.100114
2.99544
0.325205
1.11863
0.841871
0.0619609
3.21528
0.911495
0.397766
2.84833
1.78902
0.203535
1.25637
0.104615
0.247429
0.00917372
1.93665
0.192318
0.933329
0.120812
0.278489
4.34922
1.00101
2.806
1.80514
0.0760988
2.66642
2.20345
0.370512
0.670995
1.79245
0.209998
3.39135
2.18191
2.11509
1.58893
0.295094
4.07914
0.208698
1.51499
1.94013
0.990036
4.90094
0.431621
0.653673
1.2813
0.417391
2.38631
0.21192
1.82608
0.526205
0.629483
0.282228
3.36896
0.238113
0.600765
0.265071
0.370009
3.78802
0.686022
0.376527
0.260215
4.36198
2.6299
0.191441
1.44959
0.291829
1.72649
1.26613
2.33355
2.36772
1.54216
0.542079
0.796965
1.0084
4.63096
1.2622
1.32536
2.3519
0.565309
6.99421
2.32334
0.192661
0.0468736
5.70813
0.886901
1.25287
0.321473
1.76239
2.72825
0.0109448
3.6423
0.361176
0.350708
0.309358
2.19385
0.314528
2.33787
0.542765
12.2898
1.80329
0.13311
0.46337
0.436783
1.43639
5.04606
0.599905
2.40179
3.12706
2.16313
2.62698
5.81678
0.0897873
0.639386
0.676485
0.761327
1.22103
1.3427
0.374276
8.40801
0.212295
2.38192
0.0556153
0.696443
2.24029
0.87111
0.929468
1.46105
0.96841
0.643155
0.323408
1.4076
0.329813
2.4819
3.21188
0.371439
0.935476
0.280002
0.491674
0.778258
2.51519
0.00175542
1.15664
0.567197
0.385561
4.03245
4.33332
2.43335
0.421075
0.386264
3.28878
0.687664
0.773405
0.0578711
0.242147
0.638872
2.49143
1.41866
0.734061
1.12823
8.60014
1.12768
1.79898
3.25849
1.20144
0.191877
4.69336
1.06903
2.05213
0.0260879
0.0119865
5.96031
6.46276
0.216433
