6.95308e-310
0.288411
8.31642
5.66342
51.1329
2.91463
27.189
1.29322
8.74347
1.36147
11.3342
2.27657
14.6908
4.38978
10.9125
3.89227
1.91359
2.34982
5.23904
4.92756
1.44938
3.45777
6.63656
1.13509
3.24837
3.54476
5.57696
2.00136
6.06579
2.22661
1.39702
1.21086
2.45393
0.0173295
3.19042
0.109036
4.1385
0.224916
4.86053
0.494427
5.09862
1.68228
3.80936
5.47491
5.56967
1.25041
2.50529
0.260416
1.27234
2.81706
0.554482
1.05626
3.44784
0.82729
1.36997
0.913234
0.485269
1.11104
3.92039
0.762753
4.2671
0.403315
1.99303
0.0500228
5.75797
0.534958
0.18588
1.85539
0.718775
0.645989
2.56272
1.91479
2.2131
1.20113
1.16475
0.644765
6.35817
0.422141
0.73495
6.88588
1.96419
1.07283
1.87188
2.51018
2.34259
1.30635
4.25716
0.999445
3.68294
3.53386
1.08573
0.568253
7.20317
1.79503
3.94154
2.02466
0.634829
5.77876
0.724883
0.0660011
2.74524
0.804726
1.52973
0.759005
3.74185
1.54625
3.32956
0.178123
2.49954
0.680905
4.24868
0.490875
2.0376
0.0638068
3.53642
0.27701
7.32504
4.02543
5.30641
0.133687
4.52572
1.92538
1.50409
0.368537
0.653832
3.74605
1.41578
0.0355859
0.443282
1.59715
0.44653
1.16043
0.570858
1.5277
6.37017
2.15805
2.77191
0.524559
0.348198
0.995817
0.141677
0.0979531
2.29188
1.20649
1.03377
1.02132
1.88807
2.74359
0.156271
2.34188
1.086
2.17702
1.16676
0.204501
1.89702
0.0613571
0.213393
2.74596
0.260619
0.651592
4.28061
1.18544
3.11925
1.6129
1.7618
1.0935
0.600993
3.43678
5.96579
3.89481
6.4248
0.99
2.71609
1.42283
7.26856
2.47267
5.06492
11.26
2.47141
4.20632
3.01633
2.41523
1.42576
0.717604
6.91161
0.800405
0.85183
3.28582
1.37167
0.28121
2.68846
0.580285
0.594301
0.625222
2.76964
2.65544
0.283471
1.54987
0.652745
0.839613
4.79072
0.767388
11.0648
1.68524
0.153213
1.62689
1.85265
1.06658
0.105612
3.37312
3.61441
4.79781
4.9456
0.0341607
1.36222
1.39068
0.913971
4.1668
2.18063
0.103891
1.43032
0.991444
3.82188
2.30293
5.43445
7.91133
1.57983
0.351738
1.24736
0.752343
2.01341
1.81361
3.87824
3.12946
0.668843
0.227438
0.640062
0.377393
2.99441
1.40087
11.5699
3.38594
1.9462
0.723895
3.10534
1.33524
2.66921
0.291115
1.98512
2.08487
4.35012
0.575249
2.07835
1.12858
4.32581
0.188412
1.49256
0.460045
0.0983378
0.329405
4.95861
5.186
2.32059
2.64836
2.54636
2.35279
0.662135
5.56693
6.13001
0.0868948
3.81191
0.255513
3.5788
0.418264
2.37191
7.51505
2.74206
3.35237
0.942288
0.88138
4.25036
1.61496
7.74531
1.78978
7.38451
0.0766799
1.35825
5.76841
4.54942
1.54508
2.77731
2.60754
2.41413
0.261254
6.38754
1.90531
1.65175
1.37207
4.63033
0.00109529
1.86478
1.05049
0.885503
0.387747
2.506
0.202648
3.16383
0.996387
0.526767
0.388703
4.39268
1.33672
7.80759
0.891888
2.79517
0.474042
0.506894
0.759521
2.04948
6.55511
1.02924
0.0102573
2.98622
1.67506
4.29577
0.292762
1.16042
0.264392
1.85895
3.19572
7.47724
0.874355
5.32433
0.0546129
5.01496
1.14233
3.07627
6.99481
1.3942
1.00597
5.051
3.24998
0.793874
1.00859
0.812044
4.78798
6.5063
6.24169
6.23822
3.39475
4.25719
3.07732
4.48078
0.0485998
2.55438
1.26329
0.744738
1.14233
2.66788
0.0458631
0.497926
0.704671
2.80299
7.96675
0.0763289
1.01632
5.3537
2.34238
2.54569
1.52526
4.63481
3.33191
4.92989
0.911205
2.65684
1.61762
0.306847
1.9967
1.27826
1.44133
1.18104
0.628141
3.6566
1.09519
4.15744
0.306441
2.45172
2.13254
5.43241
0.222185
0.777301
3.28339
2.72475
1.05614
2.48539
0.285225
1.78109
2.1754
0.272419
5.96788
3.52898
1.74758
1.11888
3.89533
2.91132
2.65792
0.740575
0.6344
2.30099
3.49574
6.74345
0.0362236
3.65791
0.131733
11.6196
1.67191
2.23678
3.49456
0.985743
0.165252
0.866988
0.332063
4.11122
1.10449
1.70362
7.07478
4.58782
1.73951
3.55248
0.831941
5.33706
2.81108
1.18192
3.94908
4.12364
0.205791
2.90332
0.53469
6.25011
1.11365
2.77635
3.50424
0.948641
0.111581
0.433176
0.215552
1.26294
0.155556
3.2775
1.69961
1.87343
0.253417
1.72975
6.85854
2.53268
2.46598
7.47895
0.91225
3.8119
3.00949
3.80163
2.53541
1.69285
0.810663
1.26153
5.36121
5.01553
1.2225
3.18579
0.0398389
1.84062
1.11469
4.53223
2.73408
1.70171
1.48169
2.50443
0.170117
2.16974
2.12741
8.50216
1.19018
0.784611
3.34053
9.48033
0.140481
1.54002
0.343928
2.55428
0.197324
2.14967
4.76152
2.37932
2.25749
4.70685
1.18483
2.05099
1.67004
