0
21.5563
1.14803
2.34605
0.934724
3.37363
0.696552
1.86518
0.204089
0.154881
0.516521
1.75179
2.79743
3.98354
0.323997
1.2262
9.3588
1.18951
4.00621
1.71913
2.17627
3.47688
3.07402
0.0803351
0.367733
1.57203
1.81943
5.21104
0.634584
2.0615
0.224103
5.666
0.328219
6.83608
0.758131
3.81528
1.57638
3.08805
1.37345
1.49889
2.6429
3.26578
2.46781
0.540178
0.242538
1.37419
0.355256
0.267596
3.78627
2.21108
2.16519
8.62407
1.5913
0.198223
0.304747
1.42939
2.86598
3.02518
0.375608
1.99368
0.202801
1.428
0.5401
1.04628
0.221826
0.846243
0.468905
1.95696
0.360166
1.88277
0.0974966
2.7024
1.03076
0.475362
1.32682
1.06589
0.881362
0.215663
1.46966
0.627051
2.94436
3.62969
2.50203
0.506267
1.22566
2.05976
2.71989
0.39309
3.59583
0.996338
3.76387
1.41974
1.26266
7.89802
0.720848
1.88624
1.99024
4.62864
0.437166
7.64965
6.04366
4.32152
0.644981
2.86986
2.32547
2.10869
0.779673
1.27538
1.56015
0.800227
0.467798
1.34749
0.91496
3.26293
2.22237
5.6324
2.82951
1.93278
0.664754
1.76605
0.322403
0.317042
0.708381
5.24646
1.81168
6.15435
3.5419
0.577374
1.01907
3.88228
0.732603
6.10577
1.06435
1.74606
0.0711927
3.11017
2.95451
3.24766
0.750186
9.89219
0.717134
3.13272
0.896481
5.28246
2.04439
2.5463
0.55795
0.937986
0.676338
0.0456415
1.31825
1.03981
0.153397
2.55027
1.9569
2.74032
0.260819
0.911148
1.58847
0.992375
0.490084
4.08342
0.126827
4.96171
3.36314
1.51682
1.54167
0.596663
0.508189
1.81685
2.66189
4.70033
2.65484
0.0890171
0.0586595
3.14381
1.64716
0.315714
0.0292781
0.609464
0.190724
3.12402
0.119365
1.30646
2.273
1.68401
2.15772
4.38684
0.116479
1.81338
1.06194
0.842542
0.693228
6.30882
3.52056
3.11103
0.499085
2.32479
6.29312
2.10231
0.0199577
2.21637
0.481594
4.257
2.33194
0.275742
1.08331
2.28647
0.525325
1.00031
1.11533
2.08086
1.33709
1.92229
0.441124
0.970072
3.50042
0.386163
2.16531
1.16723
2.6813
2.81633
0.840552
3.2291
0.38985
2.53029
2.36677
1.57385
0.328269
2.74015
0.440425
0.795639
2.61786
0.885623
0.865743
2.09011
3.8688
2.10115
0.115567
2.44722
1.0821
5.18244
0.995661
3.70799
0.194937
2.5941
2.0986
2.29149
0.167092
4.69496
2.12442
1.27541
0.466603
0.882025
1.46891
1.48191
1.0623
2.10284
1.35466
3.93033
0.058664
0.596599
1.36243
0.359737
0.445839
3.36623
1.23832
0.0770249
5.40685
1.09035
3.54944
6.33148
1.55417
5.23973
1.76247
1.76994
1.28631
3.85399
3.15374
2.77567
1.37253
1.56936
0.57486
3.75836
0.235965
0.76426
2.95423
0.1329
1.59647
4.3246
4.38024
0.518746
0.79969
0.437221
1.17559
1.23894
0.13168
2.9072
2.08066
0.360791
0.0412392
4.74777
2.65128
1.47707
1.42755
6.39526
0.697477
0.559751
3.83471
1.35113
3.33841
1.31222
3.55906
1.5758
2.61345
0.489456
0.174193
2.35584
1.32275
1.14711
4.21454
2.39888
1.39942
2.36917
2.0139
2.26916
0.84487
0.519075
1.93818
4.49873
5.10269
1.54629
1.90862
2.0311
0.553795
4.67556
1.4818
8.20479
0.50595
1.65426
0.130385
0.242999
1.97922
1.66253
0.319576
3.75195
3.02034
0.613262
0.406079
4.6243
15.1031
1.63627
1.23474
2.66599
0.94168
1.99499
0.668937
5.18507
0.0569915
2.74832
1.79729
0.690292
5.11845
2.18912
1.70653
2.48956
1.49961
0.620547
2.7345
2.19543
2.77673
3.37239
5.12378
0.349431
3.12581
1.79577
0.297069
0.783476
0.653818
5.32343
0.316924
0.33361
0.800155
10.352
1.25048
1.54473
3.78354
0.434174
1.40567
2.47517
5.60009
1.14743
0.757633
1.55605
1.49306
2.16597
0.0291822
5.08862
0.863586
2.15315
2.16608
1.98961
0.56578
1.86979
2.26672
5.09009
0.975354
8.64969
0.678635
0.818989
0.485759
0.359812
0.476125
2.59392
1.71801
2.28765
0.301348
1.08893
3.39571
0.496991
2.39569
8.76885
0.377486
2.37552
1.01595
0.766057
1.14255
2.93355
0.0117511
3.5437
0.0385043
1.00021
4.1017
5.87805
0.836058
1.94218
0.41986
1.26026
2.13253
5.92816
0.0564277
1.49198
4.37106
4.45493
2.93829
5.81074
1.5054
0.947122
0.554595
0.264577
0.723027
5.09909
6.17165
1.71518
0.550615
4.3054
1.95696
3.01259
0.150851
0.403558
0.127394
0.0603506
1.24323
0.354009
1.76413
0.248897
1.28622
7.0672
0.472833
5.94054
1.48147
0.705979
7.71598
0.186358
1.31445
0.955027
3.20322
0.908455
2.87725
0.233934
1.74116
2.78199
0.807172
4.86894
2.58447
1.84247
1.01254
5.47781
2.14625
4.02415
1.06313
2.30918
1.27537
6.26691
2.67792
1.66441
7.27588
1.44756
0.618278
